398.0 716.0 398.0 694.0 464.0 698.0 465.0 718.0 large-vehicle 0
513.0 542.0 514.0 524.0 613.0 529.0 613.0 548.0 large-vehicle 0
526.0 591.0 528.0 571.0 623.0 578.0 621.0 599.0 large-vehicle 1
504.0 614.0 506.0 591.0 632.0 603.0 629.0 622.0 large-vehicle 0
521.0 636.0 521.0 617.0 635.0 627.0 634.0 644.0 large-vehicle 0
518.0 656.0 523.0 639.0 638.0 646.0 635.0 669.0 large-vehicle 0
528.0 681.0 533.0 662.0 611.0 669.0 610.0 690.0 large-vehicle 0
194.0 230.0 197.0 249.0 121.0 259.0 118.0 242.0 large-vehicle 0
217.0 249.0 220.0 271.0 118.0 283.0 117.0 264.0 large-vehicle 0
205.0 272.0 208.0 293.0 118.0 303.0 113.0 284.0 large-vehicle 1
219.0 293.0 226.0 315.0 128.0 329.0 124.0 307.0 large-vehicle 0
229.0 318.0 232.0 336.0 136.0 351.0 133.0 331.0 large-vehicle 0
239.0 336.0 243.0 356.0 146.0 371.0 144.0 351.0 large-vehicle 0
244.0 359.0 247.0 378.0 152.0 393.0 148.0 374.0 large-vehicle 0
235.0 385.0 240.0 402.0 146.0 419.0 144.0 399.0 large-vehicle 1
263.0 407.0 265.0 427.0 166.0 440.0 166.0 418.0 large-vehicle 0
259.0 432.0 260.0 454.0 143.0 472.0 140.0 447.0 large-vehicle 0
371.0 589.0 389.0 591.0 381.0 684.0 360.0 681.0 large-vehicle 1
258.0 459.0 261.0 477.0 136.0 502.0 133.0 480.0 large-vehicle 0
258.0 484.0 263.0 502.0 154.0 524.0 150.0 504.0 large-vehicle 1
258.0 507.0 264.0 527.0 166.0 549.0 161.0 529.0 large-vehicle 0
258.0 534.0 264.0 553.0 151.0 582.0 148.0 561.0 large-vehicle 0
272.0 579.0 274.0 601.0 174.0 605.0 174.0 586.0 large-vehicle 0
271.0 606.0 274.0 626.0 156.0 636.0 156.0 612.0 large-vehicle 0
268.0 632.0 271.0 651.0 171.0 656.0 171.0 636.0 large-vehicle 0
495.0 567.0 498.0 546.0 621.0 553.0 622.0 573.0 large-vehicle 0
509.0 522.0 511.0 503.0 607.0 506.0 606.0 526.0 large-vehicle 0
261.0 694.0 261.0 717.0 150.0 714.0 152.0 692.0 large-vehicle 1
511.0 497.0 513.0 479.0 627.0 480.0 627.0 502.0 large-vehicle 0
273.0 92.0 291.0 88.0 305.0 177.0 286.0 180.0 large-vehicle 1
294.0 88.0 312.0 84.0 326.0 176.0 308.0 178.0 large-vehicle 1
317.0 86.0 334.0 82.0 348.0 175.0 330.0 178.0 large-vehicle 1
339.0 94.0 356.0 89.0 369.0 180.0 350.0 184.0 large-vehicle 1
359.0 87.0 377.0 84.0 389.0 176.0 373.0 180.0 large-vehicle 1
390.0 93.0 408.0 92.0 412.0 185.0 392.0 186.0 large-vehicle 1
417.0 92.0 433.0 90.0 436.0 184.0 418.0 185.0 large-vehicle 1
439.0 98.0 457.0 97.0 458.0 188.0 441.0 189.0 large-vehicle 1
460.0 94.0 477.0 94.0 479.0 186.0 462.0 186.0 large-vehicle 1
481.0 91.0 498.0 91.0 498.0 183.0 481.0 183.0 large-vehicle 1
561.0 111.0 576.0 121.0 516.0 194.0 502.0 184.0 large-vehicle 1
513.0 203.0 621.0 184.0 625.0 204.0 515.0 222.0 large-vehicle 1
508.0 228.0 618.0 211.0 621.0 228.0 511.0 247.0 large-vehicle 1
511.0 249.0 630.0 229.0 633.0 249.0 514.0 267.0 large-vehicle 1
517.0 268.0 638.0 256.0 639.0 276.0 518.0 288.0 large-vehicle 1
526.0 311.0 524.0 292.0 616.0 282.0 619.0 299.0 large-vehicle 1
506.0 336.0 505.0 316.0 618.0 304.0 621.0 324.0 large-vehicle 0
518.0 356.0 518.0 338.0 629.0 329.0 632.0 349.0 large-vehicle 1
511.0 381.0 508.0 363.0 603.0 352.0 606.0 371.0 large-vehicle 1
513.0 403.0 511.0 385.0 633.0 372.0 636.0 392.0 large-vehicle 1
511.0 428.0 511.0 409.0 638.0 402.0 641.0 424.0 large-vehicle 0
518.0 453.0 516.0 435.0 628.0 428.0 628.0 448.0 large-vehicle 1
519.0 473.0 521.0 458.0 603.0 455.0 604.0 474.0 large-vehicle 0
286.0 656.0 287.0 676.0 171.0 677.0 169.0 658.0 large-vehicle 0
274.0 738.0 274.0 760.0 154.0 757.0 157.0 736.0 large-vehicle 0
314.0 727.0 298.0 726.0 299.0 689.0 314.0 688.0 small-vehicle 1
454.0 38.0 453.0 60.0 386.0 57.0 387.0 34.0 large-vehicle 0
788.0 76.0 806.0 76.0 804.0 111.0 786.0 109.0 small-vehicle 0
817.0 160.0 823.0 177.0 822.0 193.0 809.0 196.0 small-vehicle 1
781.0 214.0 797.0 215.0 798.0 246.0 780.0 246.0 small-vehicle 0
751.0 278.0 736.0 276.0 736.0 241.0 754.0 240.0 small-vehicle 0
806.0 250.0 818.0 250.0 818.0 283.0 804.0 284.0 small-vehicle 1
745.0 591.0 726.0 589.0 729.0 550.0 746.0 549.0 small-vehicle 0
83.0 864.0 98.0 861.0 103.0 898.0 87.0 899.0 small-vehicle 0
109.0 859.0 125.0 859.0 126.0 892.0 110.0 893.0 small-vehicle 0
100.0 927.0 119.0 926.0 121.0 979.0 103.0 982.0 large-vehicle 0
56.0 942.0 69.0 939.0 73.0 974.0 58.0 977.0 small-vehicle 1
123.0 982.0 132.0 992.0 109.0 1013.0 99.0 1003.0 small-vehicle 0
45.0 356.0 32.0 356.0 33.0 323.0 46.0 322.0 small-vehicle 1
83.0 235.0 96.0 233.0 98.0 265.0 83.0 267.0 small-vehicle 1
196.0 4.0 197.0 17.0 163.0 14.0 162.0 2.0 small-vehicle 1
324.0 711.0 327.0 690.0 375.0 691.0 374.0 711.0 large-vehicle 0
551.0 25.0 546.0 43.0 508.0 36.0 513.0 17.0 small-vehicle 0
315.0 31.0 313.0 54.0 250.0 51.0 252.0 30.0 large-vehicle 0
273.0 781.0 275.0 803.0 158.0 804.0 157.0 782.0 large-vehicle 0
275.0 806.0 276.0 828.0 157.0 830.0 157.0 809.0 large-vehicle 0
268.0 861.0 269.0 879.0 153.0 878.0 153.0 858.0 large-vehicle 0
275.0 881.0 277.0 901.0 147.0 903.0 147.0 880.0 large-vehicle 0
277.0 904.0 279.0 924.0 149.0 928.0 149.0 908.0 large-vehicle 0
278.0 926.0 280.0 946.0 150.0 951.0 151.0 933.0 large-vehicle 0
285.0 951.0 286.0 975.0 158.0 978.0 158.0 956.0 large-vehicle 0
280.0 978.0 281.0 996.0 151.0 1001.0 152.0 983.0 large-vehicle 0
277.0 1003.0 277.0 1023.0 234.0 1024.0 149.0 1015.0 large-vehicle 0
460.0 954.0 458.0 933.0 624.0 921.0 626.0 942.0 large-vehicle 0
513.0 916.0 513.0 897.0 595.0 891.0 597.0 912.0 large-vehicle 0
233.0 94.0 254.0 89.0 271.0 181.0 248.0 186.0 large-vehicle 1
