814.0 913.0 798.0 912.0 800.0 874.0 817.0 875.0 small-vehicle 0
515.0 959.0 515.0 935.0 571.0 939.0 570.0 962.0 large-vehicle 0
422.0 494.0 425.0 518.0 366.0 519.0 365.0 493.0 large-vehicle 0
413.0 468.0 412.0 489.0 354.0 486.0 355.0 464.0 large-vehicle 0
560.0 302.0 536.0 309.0 520.0 213.0 537.0 205.0 large-vehicle 0
504.0 319.0 482.0 326.0 461.0 223.0 485.0 216.0 large-vehicle 0
471.0 323.0 450.0 328.0 433.0 234.0 452.0 229.0 large-vehicle 0
440.0 326.0 417.0 333.0 404.0 238.0 424.0 232.0 large-vehicle 0
398.0 334.0 377.0 341.0 355.0 241.0 377.0 236.0 large-vehicle 0
299.0 349.0 278.0 356.0 259.0 258.0 279.0 253.0 large-vehicle 0
273.0 358.0 252.0 366.0 233.0 269.0 251.0 263.0 large-vehicle 0
237.0 359.0 217.0 363.0 203.0 278.0 224.0 273.0 large-vehicle 0
206.0 352.0 182.0 356.0 169.0 274.0 190.0 272.0 large-vehicle 0
154.0 842.0 155.0 823.0 212.0 827.0 209.0 853.0 large-vehicle 0
450.0 519.0 456.0 494.0 515.0 498.0 514.0 523.0 large-vehicle 0
205.0 803.0 194.0 821.0 142.0 794.0 154.0 772.0 large-vehicle 0
142.0 757.0 157.0 742.0 195.0 764.0 182.0 782.0 large-vehicle 1
135.0 683.0 139.0 669.0 192.0 689.0 182.0 712.0 large-vehicle 1
157.0 638.0 170.0 619.0 215.0 643.0 205.0 663.0 large-vehicle 0
109.0 610.0 120.0 591.0 163.0 616.0 153.0 636.0 large-vehicle 0
155.0 601.0 165.0 582.0 213.0 607.0 200.0 628.0 large-vehicle 0
107.0 577.0 115.0 559.0 161.0 578.0 150.0 598.0 large-vehicle 1
192.0 507.0 180.0 525.0 90.0 475.0 103.0 455.0 large-vehicle 0
81.0 441.0 90.0 419.0 146.0 441.0 134.0 463.0 large-vehicle 0
77.0 401.0 88.0 383.0 135.0 411.0 127.0 428.0 large-vehicle 0
63.0 365.0 75.0 342.0 126.0 368.0 113.0 390.0 large-vehicle 0
435.0 523.0 440.0 546.0 378.0 554.0 378.0 529.0 large-vehicle 0
504.0 529.0 505.0 547.0 446.0 549.0 445.0 530.0 large-vehicle 0
835.0 158.0 849.0 152.0 861.0 182.0 844.0 187.0 small-vehicle 1
970.0 949.0 984.0 957.0 968.0 987.0 954.0 981.0 small-vehicle 1
983.0 969.0 996.0 974.0 979.0 1012.0 962.0 1005.0 small-vehicle 0
1003.0 747.0 987.0 757.0 965.0 714.0 982.0 706.0 large-vehicle 0
966.0 632.0 982.0 621.0 1003.0 656.0 984.0 667.0 small-vehicle 1
948.0 656.0 935.0 664.0 915.0 627.0 932.0 620.0 small-vehicle 0
867.0 513.0 881.0 504.0 899.0 539.0 880.0 548.0 small-vehicle 1
855.0 458.0 841.0 463.0 830.0 428.0 844.0 421.0 small-vehicle 1
537.0 555.0 539.0 576.0 480.0 577.0 479.0 555.0 large-vehicle 0
744.0 904.0 724.0 904.0 726.0 847.0 747.0 849.0 large-vehicle 0
718.0 897.0 698.0 897.0 690.0 802.0 712.0 800.0 large-vehicle 0
690.0 896.0 672.0 897.0 667.0 834.0 686.0 829.0 large-vehicle 0
640.0 817.0 659.0 814.0 658.0 906.0 637.0 904.0 large-vehicle 0
598.0 852.0 619.0 851.0 617.0 906.0 593.0 906.0 large-vehicle 1
760.0 586.0 772.0 603.0 717.0 631.0 704.0 609.0 large-vehicle 0
650.0 574.0 644.0 555.0 733.0 523.0 742.0 544.0 large-vehicle 0
507.0 586.0 506.0 607.0 409.0 604.0 411.0 580.0 large-vehicle 0
68.0 299.0 82.0 276.0 134.0 304.0 115.0 330.0 large-vehicle 0
