398.0 276.0 398.0 254.0 464.0 258.0 465.0 278.0 large-vehicle 0
513.0 102.0 514.0 84.0 613.0 89.0 613.0 108.0 large-vehicle 0
526.0 151.0 528.0 131.0 623.0 138.0 621.0 159.0 large-vehicle 1
504.0 174.0 506.0 151.0 632.0 163.0 629.0 182.0 large-vehicle 0
521.0 196.0 521.0 177.0 635.0 187.0 634.0 204.0 large-vehicle 0
518.0 216.0 523.0 199.0 638.0 206.0 635.0 229.0 large-vehicle 0
528.0 241.0 533.0 222.0 611.0 229.0 610.0 250.0 large-vehicle 0
195.0 1.0 259.0 7.0 143.0 32.0 140.0 7.0 large-vehicle 0
371.0 149.0 389.0 151.0 381.0 244.0 360.0 241.0 large-vehicle 1
258.0 19.0 261.0 37.0 136.0 62.0 133.0 40.0 large-vehicle 0
258.0 44.0 263.0 62.0 154.0 84.0 150.0 64.0 large-vehicle 1
258.0 67.0 264.0 87.0 166.0 109.0 161.0 89.0 large-vehicle 0
258.0 94.0 264.0 113.0 151.0 142.0 148.0 121.0 large-vehicle 0
272.0 139.0 274.0 161.0 174.0 165.0 174.0 146.0 large-vehicle 0
271.0 166.0 274.0 186.0 156.0 196.0 156.0 172.0 large-vehicle 0
268.0 192.0 271.0 211.0 171.0 216.0 171.0 196.0 large-vehicle 0
495.0 127.0 498.0 106.0 621.0 113.0 622.0 133.0 large-vehicle 0
509.0 82.0 511.0 63.0 607.0 66.0 606.0 86.0 large-vehicle 0
261.0 254.0 261.0 277.0 150.0 274.0 152.0 252.0 large-vehicle 1
511.0 57.0 513.0 39.0 627.0 40.0 627.0 62.0 large-vehicle 0
518.0 13.0 516.0 1.0 628.0 1.0 628.0 8.0 large-vehicle 2
519.0 33.0 521.0 18.0 603.0 15.0 604.0 34.0 large-vehicle 0
286.0 216.0 287.0 236.0 171.0 237.0 169.0 218.0 large-vehicle 0
274.0 298.0 274.0 320.0 154.0 317.0 157.0 296.0 large-vehicle 0
314.0 287.0 298.0 286.0 299.0 249.0 314.0 248.0 small-vehicle 1
745.0 151.0 726.0 149.0 729.0 110.0 746.0 109.0 small-vehicle 0
725.0 711.0 707.0 711.0 709.0 678.0 726.0 676.0 small-vehicle 0
231.0 779.0 229.0 802.0 178.0 796.0 176.0 777.0 large-vehicle 0
288.0 829.0 288.0 850.0 236.0 845.0 237.0 826.0 large-vehicle 0
218.0 824.0 216.0 847.0 159.0 843.0 160.0 822.0 large-vehicle 0
719.0 856.0 704.0 854.0 705.0 817.0 721.0 814.0 small-vehicle 0
693.0 904.0 679.0 904.0 681.0 873.0 695.0 871.0 small-vehicle 0
720.0 913.0 706.0 914.0 706.0 878.0 721.0 877.0 small-vehicle 0
741.0 935.0 726.0 934.0 728.0 898.0 743.0 899.0 small-vehicle 0
83.0 424.0 98.0 421.0 103.0 458.0 87.0 459.0 small-vehicle 0
109.0 419.0 125.0 419.0 126.0 452.0 110.0 453.0 small-vehicle 0
100.0 487.0 119.0 486.0 121.0 539.0 103.0 542.0 large-vehicle 0
56.0 502.0 69.0 499.0 73.0 534.0 58.0 537.0 small-vehicle 1
123.0 542.0 132.0 552.0 109.0 573.0 99.0 563.0 small-vehicle 0
324.0 271.0 327.0 250.0 375.0 251.0 374.0 271.0 large-vehicle 0
273.0 341.0 275.0 363.0 158.0 364.0 157.0 342.0 large-vehicle 0
475.0 849.0 476.0 829.0 604.0 831.0 604.0 852.0 large-vehicle 0
275.0 366.0 276.0 388.0 157.0 390.0 157.0 369.0 large-vehicle 0
268.0 421.0 269.0 439.0 153.0 438.0 153.0 418.0 large-vehicle 0
275.0 441.0 277.0 461.0 147.0 463.0 147.0 440.0 large-vehicle 0
277.0 464.0 279.0 484.0 149.0 488.0 149.0 468.0 large-vehicle 0
278.0 486.0 280.0 506.0 150.0 511.0 151.0 493.0 large-vehicle 0
285.0 511.0 286.0 535.0 158.0 538.0 158.0 516.0 large-vehicle 0
280.0 538.0 281.0 556.0 151.0 561.0 152.0 543.0 large-vehicle 0
277.0 563.0 277.0 583.0 149.0 586.0 150.0 566.0 large-vehicle 0
277.0 586.0 277.0 607.0 149.0 609.0 151.0 590.0 large-vehicle 0
279.0 610.0 281.0 629.0 152.0 635.0 152.0 616.0 large-vehicle 0
281.0 633.0 286.0 653.0 158.0 661.0 156.0 642.0 large-vehicle 0
285.0 657.0 287.0 677.0 159.0 684.0 158.0 665.0 large-vehicle 0
278.0 710.0 282.0 732.0 154.0 741.0 152.0 721.0 large-vehicle 0
279.0 736.0 281.0 757.0 155.0 765.0 153.0 743.0 large-vehicle 0
332.0 908.0 310.0 908.0 313.0 743.0 333.0 744.0 large-vehicle 0
460.0 514.0 458.0 493.0 624.0 481.0 626.0 502.0 large-vehicle 0
513.0 476.0 513.0 457.0 595.0 451.0 597.0 472.0 large-vehicle 0
484.0 641.0 484.0 623.0 613.0 613.0 613.0 633.0 large-vehicle 0
482.0 666.0 482.0 648.0 596.0 641.0 598.0 660.0 large-vehicle 0
434.0 741.0 435.0 719.0 560.0 714.0 563.0 734.0 large-vehicle 0
496.0 766.0 493.0 746.0 619.0 735.0 623.0 755.0 large-vehicle 0
498.0 791.0 498.0 771.0 625.0 764.0 626.0 786.0 large-vehicle 0
485.0 819.0 484.0 801.0 583.0 794.0 583.0 815.0 large-vehicle 0
