P0003__1__0___0 0.103 0 981 0 960 46 959 47 980 large-vehicle
P0003__1__0___0 0.104 691 38 687 20 708 15 712 33 large-vehicle
P0003__1__0___0 0.129 529 675 468 674 469 651 530 652 large-vehicle
P0003__1__0___0 0.134 77 723 61 714 82 673 98 682 small-vehicle
P0003__1__0___0 0.142 638 316 618 212 638 208 658 312 large-vehicle
P0003__1__0___0 0.151 0 932 0 914 39 912 40 930 large-vehicle
P0003__1__0___0 0.151 284 640 230 610 241 590 295 620 large-vehicle
P0003__1__0___0 0.156 666 41 662 20 685 15 689 36 large-vehicle
P0003__1__0___0 0.170 317 821 266 793 278 772 329 800 small-vehicle
P0003__1__0___0 0.188 279 605 223 576 233 555 289 584 large-vehicle
P0003__1__0___0 0.189 179 154 170 93 196 89 205 150 large-vehicle
P0003__1__0___0 0.189 855 651 848 632 891 616 898 635 small-vehicle
P0003__1__0___0 0.190 528 676 467 675 468 652 529 653 small-vehicle
P0003__1__0___0 0.195 44 991 0 990 0 980 45 981 small-vehicle
P0003__1__0___0 0.201 354 373 332 261 355 257 377 369 large-vehicle
P0003__1__0___0 0.202 738 908 713 907 718 848 743 849 large-vehicle
P0003__1__0___0 0.209 1 910 0 890 42 887 43 907 small-vehicle
P0003__1__0___0 0.211 838 628 829 606 884 584 893 606 small-vehicle
P0003__1__0___0 0.240 535 488 473 487 474 462 536 463 small-vehicle
P0003__1__0___0 0.241 325 626 274 599 284 579 335 606 large-vehicle
P0003__1__0___0 0.249 41 707 8 706 9 688 42 689 small-vehicle
P0003__1__0___0 0.249 797 895 792 821 818 820 823 894 large-vehicle
P0003__1__0___0 0.276 0 910 0 890 41 887 42 907 large-vehicle
P0003__1__0___0 0.289 0 957 0 936 44 933 45 954 large-vehicle
P0003__1__0___0 0.292 0 933 0 914 41 911 42 930 small-vehicle
P0003__1__0___0 0.300 306 783 264 759 276 738 318 762 large-vehicle
P0003__1__0___0 0.317 0 957 0 936 44 933 45 954 small-vehicle
P0003__1__0___0 0.323 0 981 0 961 44 958 45 978 small-vehicle
P0003__1__0___0 0.327 5 859 4 839 40 838 41 858 small-vehicle
P0003__1__0___0 0.339 247 429 197 403 209 381 259 407 small-vehicle
P0003__1__0___0 0.344 158 88 142 6 169 1 185 83 large-vehicle
P0003__1__0___0 0.350 329 850 273 842 276 821 332 829 large-vehicle
P0003__1__0___0 0.358 694 961 631 958 632 934 695 937 large-vehicle
P0003__1__0___0 0.364 330 851 273 843 276 821 333 829 small-vehicle
P0003__1__0___0 0.366 41 657 9 656 10 637 42 638 small-vehicle
P0003__1__0___0 0.367 937 913 917 912 920 872 940 873 small-vehicle
P0003__1__0___0 0.369 331 663 280 635 292 614 343 642 large-vehicle
P0003__1__0___0 0.369 5 883 4 863 44 861 45 881 large-vehicle
P0003__1__0___0 0.370 534 488 473 487 474 462 535 463 large-vehicle
P0003__1__0___0 0.400 318 821 265 794 276 772 329 799 large-vehicle
P0003__1__0___0 0.404 247 430 197 403 209 381 259 408 large-vehicle
P0003__1__0___0 0.416 535 488 473 487 474 462 536 463 large-vehicle
P0003__1__0___0 0.435 547 517 486 516 487 492 548 493 large-vehicle
P0003__1__0___0 0.441 838 628 829 606 882 585 891 607 large-vehicle
P0003__1__0___0 0.448 304 711 251 685 262 663 315 689 large-vehicle
P0003__1__0___0 0.454 257 463 203 438 214 415 268 440 large-vehicle
P0003__1__0___0 0.461 308 783 264 759 275 738 319 762 small-vehicle
P0003__1__0___0 0.495 325 627 227 577 238 555 336 605 large-vehicle
P0003__1__0___0 0.503 790 894 786 832 811 830 815 892 large-vehicle
P0003__1__0___0 0.507 501 550 500 526 560 521 561 545 large-vehicle
P0003__1__0___0 0.525 637 522 573 519 574 495 638 498 large-vehicle
P0003__1__0___0 0.528 240 391 187 366 198 343 251 368 large-vehicle
P0003__1__0___0 0.538 869 907 843 905 847 844 873 846 large-vehicle
P0003__1__0___0 0.547 239 329 189 298 201 279 251 310 large-vehicle
P0003__1__0___0 0.549 569 550 568 528 625 527 626 549 large-vehicle
P0003__1__0___0 0.557 12 806 11 788 47 787 48 805 small-vehicle
P0003__1__0___0 0.574 573 328 552 230 576 225 597 323 large-vehicle
P0003__1__0___0 0.582 326 663 229 609 242 587 339 641 large-vehicle
P0003__1__0___0 0.584 817 899 810 798 836 796 843 897 large-vehicle
P0003__1__0___0 0.604 658 575 599 574 600 552 659 553 large-vehicle
P0003__1__0___0 0.636 780 904 752 903 757 813 785 814 large-vehicle
P0003__1__0___0 0.651 970 191 955 158 971 151 986 184 small-vehicle
P0003__1__0___0 0.671 657 308 638 210 662 205 681 303 large-vehicle
P0003__1__0___0 0.676 631 607 531 604 532 579 632 582 large-vehicle
P0003__1__0___0 0.681 1002 547 987 510 1005 502 1020 539 small-vehicle
P0003__1__0___0 0.684 770 573 763 550 858 522 865 545 large-vehicle
P0003__1__0___0 0.686 658 309 638 208 662 204 682 305 large-vehicle
P0003__1__0___0 0.692 497 341 475 239 499 234 521 336 large-vehicle
P0003__1__0___0 0.694 302 524 211 474 223 451 314 501 large-vehicle
P0003__1__0___0 0.697 372 364 351 266 374 261 395 359 large-vehicle
P0003__1__0___0 0.712 964 461 950 424 968 417 982 454 small-vehicle
P0003__1__0___0 0.716 397 356 380 255 404 251 421 352 large-vehicle
P0003__1__0___0 0.727 540 333 522 234 546 230 564 329 large-vehicle
P0003__1__0___0 0.738 339 362 322 276 346 271 363 357 large-vehicle
P0003__1__0___0 0.744 602 324 582 220 607 216 627 320 large-vehicle
P0003__1__0___0 0.753 304 355 289 272 313 268 328 351 large-vehicle
