P0003 0.753 304.0 355.0 289.0 272.0 313.0 268.0 328.0 351.0
P0003 0.744 602.0 324.0 582.0 220.0 607.0 216.0 627.0 320.0
P0003 0.738 339.0 362.0 322.0 276.0 346.0 271.0 363.0 357.0
P0003 0.727 540.0 333.0 522.0 234.0 546.0 230.0 564.0 329.0
P0003 0.716 397.0 356.0 380.0 255.0 404.0 251.0 421.0 352.0
P0003 0.712 964.0 461.0 950.0 424.0 968.0 417.0 982.0 454.0
P0003 0.697 372.0 364.0 351.0 266.0 374.0 261.0 395.0 359.0
P0003 0.694 302.0 524.0 211.0 474.0 223.0 451.0 314.0 501.0
P0003 0.692 497.0 341.0 475.0 239.0 499.0 234.0 521.0 336.0
P0003 0.686 658.0 309.0 638.0 208.0 662.0 204.0 682.0 305.0
P0003 0.684 770.0 573.0 763.0 550.0 858.0 522.0 865.0 545.0
P0003 0.681 1002.0 547.0 987.0 510.0 1005.0 502.0 1020.0 539.0
P0003 0.676 631.0 607.0 531.0 604.0 532.0 579.0 632.0 582.0
P0003 0.651 970.0 191.0 955.0 158.0 971.0 151.0 986.0 184.0
P0003 0.636 780.0 904.0 752.0 903.0 757.0 813.0 785.0 814.0
P0003 0.604 658.0 575.0 599.0 574.0 600.0 552.0 659.0 553.0
P0003 0.584 817.0 899.0 810.0 798.0 836.0 796.0 843.0 897.0
P0003 0.582 326.0 663.0 229.0 609.0 242.0 587.0 339.0 641.0
P0003 0.574 573.0 328.0 552.0 230.0 576.0 225.0 597.0 323.0
P0003 0.557 12.0 806.0 11.0 788.0 47.0 787.0 48.0 805.0
P0003 0.549 569.0 550.0 568.0 528.0 625.0 527.0 626.0 549.0
P0003 0.547 239.0 329.0 189.0 298.0 201.0 279.0 251.0 310.0
P0003 0.538 869.0 907.0 843.0 905.0 847.0 844.0 873.0 846.0
P0003 0.528 240.0 391.0 187.0 366.0 198.0 343.0 251.0 368.0
P0003 0.525 637.0 522.0 573.0 519.0 574.0 495.0 638.0 498.0
P0003 0.507 501.0 550.0 500.0 526.0 560.0 521.0 561.0 545.0
P0003 0.503 790.0 894.0 786.0 832.0 811.0 830.0 815.0 892.0
P0003 0.495 325.0 627.0 227.0 577.0 238.0 555.0 336.0 605.0
P0003 0.461 308.0 783.0 264.0 759.0 275.0 738.0 319.0 762.0
P0003 0.454 257.0 463.0 203.0 438.0 214.0 415.0 268.0 440.0
P0003 0.448 304.0 711.0 251.0 685.0 262.0 663.0 315.0 689.0
P0003 0.441 838.0 628.0 829.0 606.0 882.0 585.0 891.0 607.0
P0003 0.435 547.0 517.0 486.0 516.0 487.0 492.0 548.0 493.0
P0003 0.416 535.0 488.0 473.0 487.0 474.0 462.0 536.0 463.0
P0003 0.404 247.0 430.0 197.0 403.0 209.0 381.0 259.0 408.0
P0003 0.4 318.0 821.0 265.0 794.0 276.0 772.0 329.0 799.0
P0003 0.369 5.0 883.0 4.0 863.0 44.0 861.0 45.0 881.0
P0003 0.367 937.0 913.0 917.0 912.0 920.0 872.0 940.0 873.0
P0003 0.366 41.0 657.0 9.0 656.0 10.0 637.0 42.0 638.0
P0003 0.364 330.0 851.0 273.0 843.0 276.0 821.0 333.0 829.0
P0003 0.358 694.0 961.0 631.0 958.0 632.0 934.0 695.0 937.0
P0003 0.344 158.0 88.0 142.0 6.0 169.0 1.0 185.0 83.0
P0003 0.327 5.0 859.0 4.0 839.0 40.0 838.0 41.0 858.0
P0003 0.323 0.0 981.0 0.0 961.0 44.0 958.0 45.0 978.0
P0003 0.317 0.0 957.0 0.0 936.0 44.0 933.0 45.0 954.0
P0003 0.292 0.0 933.0 0.0 914.0 41.0 911.0 42.0 930.0
P0003 0.276 0.0 910.0 0.0 890.0 41.0 887.0 42.0 907.0
P0003 0.249 41.0 707.0 8.0 706.0 9.0 688.0 42.0 689.0
P0003 0.202 738.0 908.0 713.0 907.0 718.0 848.0 743.0 849.0
P0003 0.195 44.0 991.0 0.0 990.0 0.0 980.0 45.0 981.0
P0003 0.19 528.0 676.0 467.0 675.0 468.0 652.0 529.0 653.0
P0003 0.189 855.0 651.0 848.0 632.0 891.0 616.0 898.0 635.0
P0003 0.189 179.0 154.0 170.0 93.0 196.0 89.0 205.0 150.0
P0003 0.156 666.0 41.0 662.0 20.0 685.0 15.0 689.0 36.0
P0003 0.142 638.0 316.0 618.0 212.0 638.0 208.0 658.0 312.0
P0003 0.134 77.0 723.0 61.0 714.0 82.0 673.0 98.0 682.0
P0003 0.104 691.0 38.0 687.0 20.0 708.0 15.0 712.0 33.0
